"eg1.DSE.data"<-
structure(list(input = structure(c(3.7799999999999998, 
	3.5299999999999998, 3.7799999999999998, 3.2799999999999998, 3.02, 
	3.2799999999999998, 3.1099999999999999, 3.02, 2.8500000000000001, 
	3.4500000000000002, 3.5299999999999998, 3.5299999999999998, 
	3.3199999999999998, 3.4100000000000001, 3.6099999999999999, 
	5.2800000000000002, 5.75, 5.5800000000000001, 5.4000000000000004, 
	4.5499999999999998, 4.2999999999999998, 4.3499999999999996, 
	4.1699999999999999, 4.21, 4.0800000000000001, 3.7400000000000002, 
	3.5299999999999998, 3.6600000000000001, 4, 4.2300000000000004, 3.96, 4, 
	4.21, 4.3399999999999999, 4.04, 4.1200000000000001, 4.1699999999999999, 
	4.04, 4.04, 3.96, 4.0800000000000001, 4.29, 4.3399999999999999, 
	4.3799999999999999, 4.3399999999999999, 4.5899999999999999, 
	4.4699999999999998, 4.3799999999999999, 4.4299999999999997, 
	4.5899999999999999, 4.7300000000000004, 4.8099999999999996, 
	4.9900000000000002, 5.25, 5.2199999999999998, 5.5, 5.7599999999999998, 
	6.0899999999999999, 6.04, 6.0199999999999996, 6.0700000000000003, 6.04, 
	6.1200000000000001, 6.2800000000000002, 6.3499999999999996, 
	6.3499999999999996, 6.4000000000000004, 6.4299999999999997, 
	6.4900000000000002, 6.6299999999999999, 6.3700000000000001, 
	5.9400000000000004, 5.3899999999999997, 4.8899999999999997, 
	5.2699999999999996, 5.54, 5.5899999999999999, 5.6500000000000004, 
	5.9500000000000002, 6.5, 6.5, 6.5700000000000003, 6.6100000000000003, 
	6.9199999999999999, 7.3899999999999997, 7.25, 7.3899999999999997, 
	7.2000000000000002, 6.8799999999999999, 6.5300000000000002, 
	6.1900000000000004, 6.4199999999999999, 6.4400000000000004, 
	6.6500000000000004, 6.8899999999999997, 6.8499999999999996, 7.04, 
	7.0800000000000001, 7.1299999999999999, 7.8200000000000003, 
	8.1699999999999999, 8.3699999999999992, 8.4299999999999997, 
	8.5600000000000005, 8.6699999999999999, 9.1699999999999999, 
	8.8399999999999999, 8.5899999999999999, 7.8899999999999997, 
	7.7000000000000002, 7.8799999999999999, 7.3099999999999996, 
	7.7599999999999998, 7.5800000000000001, 6.6799999999999997, 
	6.7599999999999998, 5.5300000000000002, 5.5800000000000001, 
	5.6100000000000003, 5.0800000000000001, 3.5299999999999998, 
	3.8300000000000001, 4.0899999999999999, 3.98, 4.5099999999999998, 
	4.6100000000000003, 4.9900000000000002, 4.9800000000000004, 
	4.5999999999999996, 4.3200000000000003, 4, 4.8600000000000003, 
	5.5099999999999998, 5.8799999999999999, 6.0999999999999996, 
	5.1600000000000001, 4.6799999999999997, 4.8499999999999996, 
	5.0099999999999998, 5.04, 4.9800000000000004, 5.1500000000000004, 
	5.0800000000000001, 4.9199999999999999, 5.2400000000000002, 6, 
	6.4800000000000004, 7.4000000000000004, 7.7699999999999996, 
	8.6500000000000004, 8.9499999999999993, 9.5, 9.1999999999999993, 10.25, 
	8.9399999999999995, 8.9399999999999995, 9.1999999999999993, 
	11.039999999999999, 11.57, 11.699999999999999, 11.57, 11.84, 
	11.039999999999999, 10.25, 9.7300000000000004, 10.25, 
	7.1200000000000001, 6.6100000000000003, 6.8600000000000003, 
	7.6399999999999997, 7.1200000000000001, 7.25, 7.6399999999999997, 
	8.5500000000000007, 8.9399999999999995, 8.8100000000000005, 
	9.3399999999999999, 9.3399999999999999, 8.9399999999999995, 
	8.9399999999999995, 9.9900000000000002, 9.7300000000000004, 
	9.1999999999999993, 9.1999999999999993, 9.3399999999999999, 
	9.3399999999999999, 9.4700000000000006, 9.0700000000000003, 
	8.6799999999999997, 8.1600000000000001, 8.1600000000000001, 
	7.7699999999999996, 7.7699999999999996, 7.6399999999999997, 
	7.1200000000000001, 6.9900000000000002, 7.25, 7.5099999999999998, 7.25, 
	7.5099999999999998, 7.5099999999999998, 7.2300000000000004, 
	7.2300000000000004, 7.2800000000000002, 7.8499999999999996, 
	8.3200000000000003, 8.3699999999999992, 8.3200000000000003, 
	8.6300000000000008, 9.0999999999999996, 9.4100000000000001, 
	10.039999999999999, 10.67, 10.779999999999999, 11.1, 10.99, 11.31, 
	11.199999999999999, 11.15, 11.15, 11.550000000000001, 11.85, 12, 14.65, 
	13.699999999999999, 14.199999999999999, 13.949999999999999, 
	13.949999999999999, 15.25, 15.449999999999999, 12, 11.5, 10.6, 10.65, 
	10.9, 12.35, 13.5, 17.75, 17.25, 17.149999999999999, 17, 17.5, 19, 
	19.199999999999999, 21.25, 22.199999999999999, 19.600000000000001, 
	18.800000000000001, 15.4, 15.65, 14.9, 15, 16.149999999999999, 15.5, 
	15.6, 17.050000000000001, 15.65, 14.199999999999999, 13.1, 
	11.449999999999999, 10.949999999999999, 10.25, 10.050000000000001, 9.5, 
	9.3000000000000007, 9.3000000000000007, 9.3499999999999996, 
	9.3000000000000007, 9.3499999999999996, 9.3499999999999996, 
	9.3000000000000007, 9.3000000000000007, 9.5, 9.8499999999999996, 
	9.8000000000000007, 9.8499999999999996, 10.6, 10.75, 11.5, 12.1, 
	12.949999999999999, 12.25, 12.15, 11.6, 10.699999999999999, 10, 
	9.5500000000000007, 11.300000000000001, 10.699999999999999, 
	9.8499999999999996, 9.6500000000000004, 9.5, 9.1500000000000004, 
	9.0500000000000007, 8.9000000000000004, 8.6500000000000004, 9, 
	9.4000000000000004, 10.75, 11.6, 10.75, 9, 8.5500000000000007, 
	8.6500000000000004, 8.5500000000000007, 8.4499999999999993, 
	8.4000000000000004, 8.5, 8.3499999999999996, 8.3499999999999996, 
	7.4500000000000002, 7.4000000000000004, 6.9000000000000004, 
	8.1500000000000004, 8.3000000000000007, 8.4499999999999993, 
	9.1999999999999993, 9.1500000000000004, 9.5500000000000007, 8.5, 
	8.6999999999999993, 8.9000000000000004, 8.6500000000000004, 
	8.5500000000000007, 8.6500000000000004, 9, 9.0999999999999996, 
	9.3000000000000007, 9.5, 10.15, 10.5, 10.4, 11, 11.1, 11.4, 
	11.699999999999999, 12.35, 12.550000000000001, 12.42, 12.25, 12.25, 
	12.300000000000001, 12.32, 12.31, 12.34, 12.35, 12.6, 
	13.449999999999999, 13.41, 13.699999999999999, 13.970000000000001, 
	13.73, 13.470000000000001, 12.949999999999999, 12.52, 12.56, 
	12.220000000000001, 11.73, 10.720000000000001, 10, 9.8499999999999996, 
	9.5, 8.9399999999999995, 8.7699999999999996), .Tsp = c(
	1961.1666666666667, 1991.4166666666667, 12),
	.Dim = c(364, 1), .Dimnames = list(NULL, "R90"), class = c("mts","ts")),