"eg1.DSE.data.diff" <-
structure(list(input = structure(c(3.53, 3.78, 3.28, 3.02, 3.28, 
3.11, 3.02, 2.85, 3.45, 3.53, 3.53, 3.3199999999999998, 3.41, 
3.61, 5.28, 5.75, 5.58, 5.4, 4.55, 4.3, 4.35, 4.17, 4.21, 4.08, 
3.7400000000000002, 3.53, 3.66, 4, 4.2300000000000004, 3.96, 
4, 4.21, 4.34, 4.04, 4.12, 4.17, 4.04, 4.04, 3.96, 4.08, 4.29, 
4.34, 4.38, 4.34, 4.59, 4.4699999999999998, 4.38, 4.43, 4.59, 
4.7300000000000004, 4.8099999999999996, 4.9900000000000002, 5.25, 
5.22, 5.5, 5.76, 6.09, 6.04, 6.02, 6.07, 6.04, 6.12, 6.28, 6.35, 
6.35, 6.4, 6.43, 6.49, 6.63, 6.37, 5.94, 5.39, 4.89, 5.27, 5.54, 
5.59, 5.65, 5.95, 6.5, 6.5, 6.57, 6.6100000000000003, 6.92, 7.3899999999999997, 
7.25, 7.3899999999999997, 7.2, 6.88, 6.53, 6.19, 6.42, 6.44, 
6.65, 6.8899999999999997, 6.85, 7.04, 7.08, 7.13, 7.82, 8.17, 
8.3699999999999992, 8.43, 8.5600000000000005, 8.67, 9.17, 8.84, 
8.59, 7.8899999999999997, 7.7, 7.88, 7.31, 7.76, 7.58, 6.68, 
6.76, 5.53, 5.58, 5.61, 5.08, 3.53, 3.83, 4.09, 3.98, 4.5099999999999998, 
4.61, 4.9900000000000002, 4.9800000000000004, 4.6, 4.32, 4, 4.86, 
5.51, 5.88, 6.1, 5.16, 4.68, 4.85, 5.0099999999999998, 5.04, 
4.9800000000000004, 5.15, 5.08, 4.92, 5.24, 6, 6.4800000000000004, 
7.4, 7.7699999999999996, 8.65, 8.95, 9.5, 9.2, 10.25, 8.9399999999999995, 
8.9399999999999995, 9.2, 11.04, 11.57, 11.7, 11.57, 11.84, 11.04, 
10.25, 9.730000000000000, 10.25, 7.12, 6.6100000000000003, 6.8600000000000003, 
7.6399999999999997, 7.12, 7.25, 7.6399999999999997, 8.55, 8.9399999999999995, 
8.8100000000000005, 9.34, 9.34, 8.9399999999999995, 8.9399999999999995, 
9.99, 9.730000000000000, 9.2, 9.2, 9.34, 9.34, 9.47, 9.07, 8.68, 
8.16, 8.16, 7.7699999999999996, 7.7699999999999996, 7.6399999999999997, 
7.12, 6.99, 7.25, 7.51, 7.25, 7.51, 7.51, 7.2300000000000004, 
7.2300000000000004, 7.28, 7.85, 8.32, 8.3699999999999992, 8.32, 
8.6300000000000008, 9.1, 9.41, 10.039999999999999, 10.67, 10.779999999999999, 
11.100000000000000, 10.99, 11.31, 11.2, 11.15, 11.15, 11.55, 
11.850000000000000, 12, 14.65, 13.7, 14.2, 13.95, 13.95, 15.25, 
15.45, 12, 11.5, 10.600000000000000, 10.650000000000000, 10.9, 
12.350000000000000, 13.5, 17.75, 17.25, 17.15, 17, 17.5, 19, 
19.2, 21.25, 22.199999999999999, 19.6, 18.8, 15.4, 15.65, 14.9, 
15, 16.15, 15.5, 15.6, 17.05, 15.65, 14.2, 13.1, 11.45, 10.95, 
10.25, 10.05, 9.5, 9.3, 9.3, 9.35, 9.3, 9.35, 9.35, 9.3, 9.3, 
9.5, 9.85, 9.8, 9.85, 10.600000000000000, 10.75, 11.5, 12.1, 
12.95, 12.25, 12.15, 11.6, 10.7, 10, 9.55, 11.3, 10.7, 9.85, 
9.65, 9.5, 9.15, 9.05, 8.9, 8.65, 9, 9.4, 10.75, 11.6, 10.75, 
9, 8.55, 8.65, 8.55, 8.45, 8.4, 8.5, 8.35, 8.35, 7.45, 7.4, 6.9, 
8.15, 8.3, 8.45, 9.2, 9.15, 9.55, 8.5, 8.7, 8.9, 8.65, 8.55, 
8.65, 9, 9.1, 9.3, 9.5, 10.150000000000000, 10.5, 10.4, 11, 11.100000000000000, 
11.400000000000000, 11.7, 12.350000000000000, 12.55, 12.42, 12.25, 
12.25, 12.3, 12.32, 12.31, 12.34, 12.350000000000000, 12.6, 13.45, 
13.41, 13.7, 13.970000000000001, 13.73, 13.47, 12.95, 12.52, 
12.56, 12.22, 11.73, 10.72, 10, 9.85, 9.5, 8.9399999999999995, 
8.7699999999999996), .Dim = c(363, 1), .Dimnames = list(NULL, 
    "R90"), .Tsp = c(1961.25, 1991.4166666666667, 
12), class = c("mts","ts")), output = structure(c(-0.0160121208806796, 
0.0049967717548557999, 0.0027652335806340744, 0.012440701982029623, 
0.017303964564810315, -0.00699366250545097, 0.001438590429723163, 
0.018162892459974600, 0.002995333047371318, -0.009901070982710536, 
0.0017752534397779129, -0.001952952240779737, 0.0017755686482967548, 
0.0046017780322298307, -0.0012368585373963015, -0.0078097663540575013, 
-0.003033820476325388, 0.02227027352250310, 0.015436955577428080, 
0.0030933174691387677, 0.012447939742072478, -0.0016960655354800735, 
-0.0013589266572324732, 0.0013589266572324732, 0.018500359467825689, 
0.016690464287101747, -0.008393038654293861, 0.00609607291920078, 
-0.009738461052116065, 0.010231112347078408, 0.0008205465299973014, 
0.0018028358566528624, 0.0009819968055904127, 0.016869824240611564, 
-0.0025769059194580279, 0.015045098128569023, 0.00158730192057277, 
0.0023762387418830855, 0.005522696482650247, -0.002836434300036217, 
0.0036229070106497119, -0.000786472710613495, 0.0054923637480257526, 
-0.0007827789049397182, 0.01831211940251265, -0.0021551732479831998, 
0.0055325175697245044, 0.0088496152769828, 0.009073100197364070, 
0.005554318865451435, 0.012644274074196105, 0.005160350559309634, 
0.01532317467919420, -0.012386315005883830, -0.001467351693950292, 
0.012259347933252229, 0.005208345107138967, 0.0050377940299561885, 
0.011846281402110748, 0.006928270908966638, 0.003376005457141673, 
0.00755459664569713, -0.0026515959992110538, 0.005157165238745876, 
0.003053861340614361, 0.004977198163622631, 0.014376916352619062, 
0.013636881819582669, 0.0020095123648840030, 0.010384862334390732, 
0.02265532632619482, 0.013759620415584095, 0.006365393867076463, 
0.0034205392190020945, -0.0035474508252395509, 0.0019019849771044761, 
-0.0039347642312765885, 0.0196455128155133, 0.016940126887316609, 
-0.013578779184612699, -0.0013680743381190297, 0.0080570624889162445, 
-0.0029673612278013906, -0.01220894696737673, 0.006870303708460312, 
0, 0.0006222388353336328, 0.022268251139353268, 0.02937332794958181, 
-0.002484179428581257, 0.0036649565170048248, 0.011031680941080424, 
0.004309096518055, 0.016824549890191776, -0.0083768921775355665, 
0.010773743179482764, 0.010658905767220617, 0.011104370734233981, 
-0.0057050325327328011, -0.0042720694540161475, -0.013155100122046903, 
0.006825965070399675, 0.011161962665369174, -0.0085576470904715762, 
0.0023719444113297072, -0.0024850346008769009, 0.011022493781371878, 
0.005466018405838824, -0.001781539275340194, -0.0050276626769658606, 
0.004024150299725804, 0.013298068304630206, 0.0023090889362595846, 
-0.002088945842359635, 0.009420597658445828, 0.008792458271235759, 
0.01053546618641654, 0.0088368954087609808, 0.018067718380562425, 
0.018667071201049268, 0.004790794546066124, 0.02162735807707428, 
0.0193166546240402, -0.004009981411297048, 0.022098204904731134, 
0.015504186535965303, 0.003298000633593645, 0.019839518136189227, 
0.01328405774298247, 0.0017276658082270302, 0.007241816748960517, 
0.011211382512327006, 0.007906584075472622, 0.0066146556828705627, 
0.011884096524180876, 0.01208786951212204, 0.01321473682778418, 
0.01787935318208866, 0.018219043986315242, 0.015804519103131298, 
0.008168540655269396, 0.01464734630878617, 0.007751066404502183, 
0.00311478214760541, 0.020850918890351622, 0.012109434282439935, 
-0.00052673164241312520, 0.02100322980649771, 0.0011785505194445989, 
0.01141865722521196, 0.009056392273537384, 0.0018734693475117581, 
0.004811672179707571, 0.01238890890193822, 0.0041662313555015373, 
0.011908238226082446, 0.03624080452958545, 0.01645113527890807, 
-0.02705039062635350, -0.005785674512988948, -0.0014345734604983562, 
0.004637847625689417, -0.0024526514543197209, 0.005849163108953448, 
0.0050057603004827200, 0.02433047862977133, 0.029011996802715601, 
0.030616564601892549, -0.0026713897786372343, 0.009657723799250562, 
0.01175979743248945, 0.010237860131748988, 0.01868878467267798, 
0.008599416876164057, 0.012704133566519005, 0.055416463478113798, 
-0.010740650195359080, -0.02211674371198136, 0.007726401124733329, 
-0.007556568975099154, 0.002713399064450783, 0.0042812142903532191, 
0.00739250678428327, 0.0051202248995227961, 0.007796771504748889, 
0.00077084025400431244, 0.004119413729149812, 0.008786107981530122, 
-0.003210799743520454, 0.01262034353656993, 0.006438135870789452, 
0.018071982868397285, 0.004924827892756056, 0.009932737217509313, 
0.01407895005323745, -0.001634070730760939, 0.005707603528991356, 
0.0077447174079363634, 0.005631551488367137, 0.011168843664361106, 
0.018423060424757054, 0.005582403274067005, 0.00222426473404802, 
0.0003863241307460186, 0.007743215314533813, 0.011290404096460094, 
0.01167951488912422, 0.0074634174223628946, 0.0067159419654370112, 
0.011063532408938315, 0.021453750586925224, 0.011727734257366507, 
